kernel line : count latency dram_traffic smem_bk_conflicts smem_warp gmem_access_generated gmem_warp exposed_latency warp_divergence
_1.ptx 199 : 120320 842240 0 0 0 0 0 0 0 
_1.ptx 200 : 120320 972896 0 0 0 0 0 0 0 
_1.ptx 201 : 120320 721920 0 0 0 0 0 0 0 
_1.ptx 210 : 6400 38400 0 0 0 0 0 0 0 
_1.ptx 211 : 6400 51424 0 0 0 0 0 0 0 
_1.ptx 214 : 6400 8800 0 0 0 0 0 0 50 
_1.ptx 216 : 5000 36132 0 0 0 0 0 0 0 
_1.ptx 217 : 5000 66660 0 0 0 0 0 0 0 
_1.ptx 218 : 5000 55124 0 0 0 0 0 0 0 
_1.ptx 219 : 5000 40821 0 185 185 0 0 0 0 
_1.ptx 220 : 5000 18261 0 0 0 0 0 0 0 
_1.ptx 221 : 5000 36183 0 0 0 0 0 0 0 
_1.ptx 222 : 5000 53602 0 0 0 0 0 0 0 
_1.ptx 223 : 5000 55488 0 0 0 0 0 0 0 
_1.ptx 224 : 5000 30225 5664 0 0 329 185 0 0 
_1.ptx 227 : 6400 38400 0 0 0 0 0 0 0 
_1.ptx 68 : 6400 733440 128 0 0 0 0 0 0 
_1.ptx 69 : 6400 84480 0 0 0 0 0 0 0 
_1.ptx 70 : 6400 19200 0 0 0 0 0 0 0 
_1.ptx 71 : 6400 65600 0 0 0 0 0 0 0 
_1.ptx 72 : 6400 47040 0 0 0 0 0 0 0 
_1.ptx 73 : 6400 72192 0 0 0 0 0 0 0 
_1.ptx 74 : 6400 43968 0 0 0 0 0 0 0 
_1.ptx 75 : 6400 87744 0 0 0 0 0 0 0 
_1.ptx 76 : 6400 19200 0 0 0 0 0 0 0 
_1.ptx 77 : 6400 71072 0 0 0 0 0 0 0 
_1.ptx 78 : 6400 38688 0 0 0 0 0 0 0 
_1.ptx 79 : 6400 70752 0 0 0 0 0 0 0 
_1.ptx 80 : 6400 51744 0 0 0 0 0 0 0 
_1.ptx 81 : 6400 46208 0 0 0 0 0 0 0 
_1.ptx 82 : 6400 39008 0 0 0 0 0 0 0 
_1.ptx 83 : 6400 51936 0 0 0 0 0 0 0 
_1.ptx 84 : 6400 45568 0 0 0 0 0 0 0 
_1.ptx 85 : 6400 52960 0 0 0 0 0 0 0 
_1.ptx 86 : 6400 41216 0 0 0 0 0 0 0 
_1.ptx 87 : 6400 52320 0 0 0 0 0 0 0 
_1.ptx 88 : 6400 3848 0 0 0 0 0 0 10 
_1.ptx 90 : 5792 35832 0 0 0 0 0 0 0 
_1.ptx 91 : 5792 17376 0 0 0 0 0 0 0 
_1.ptx 92 : 5792 41020 0 0 0 0 0 0 0 
_1.ptx 93 : 5792 67040 0 0 0 0 0 0 0 
_1.ptx 94 : 5792 64096 0 0 0 0 0 0 0 
_1.ptx 95 : 5792 1142264 4096 0 0 357 185 0 0 
_1.ptx 96 : 5792 41344 0 0 0 0 0 0 0 
_1.ptx 97 : 5792 61028 0 0 0 0 0 0 0 
_1.ptx 98 : 5792 63884 0 0 0 0 0 0 0 
_1.ptx 99 : 5792 28960 0 185 185 0 0 0 0 
_1.ptx 101 : 6400 38528 0 0 0 0 0 0 0 
_1.ptx 103 : 6400 38400 0 0 0 0 0 0 0 
_1.ptx 104 : 6400 38400 0 0 0 0 0 0 0 
_1.ptx 105 : 6400 51200 0 0 0 0 0 0 0 
_1.ptx 106 : 6400 0 0 0 0 0 0 0 0 
_1.ptx 107 : 6400 68416 0 0 0 0 0 0 0 
_1.ptx 108 : 6400 56192 0 0 0 0 0 0 0 
_1.ptx 109 : 6400 54080 0 0 0 0 0 0 0 
_1.ptx 110 : 6400 53664 0 0 0 0 0 0 0 
_1.ptx 111 : 6400 44416 0 0 0 0 0 0 0 
_1.ptx 112 : 6400 58208 0 0 0 0 0 0 0 
_1.ptx 113 : 6400 135968 0 0 0 0 0 0 0 
_1.ptx 114 : 6400 84128 0 0 0 0 0 0 0 
_1.ptx 115 : 6400 86816 0 0 0 0 0 0 0 
_1.ptx 116 : 6400 89824 0 0 0 0 0 0 0 
_1.ptx 117 : 6400 70272 0 0 0 0 0 0 0 
_1.ptx 118 : 6400 77056 0 0 0 0 0 0 0 
_1.ptx 119 : 6400 45216 0 0 0 0 0 0 0 
_1.ptx 120 : 6400 59072 0 0 0 0 0 0 0 
_1.ptx 121 : 6400 135840 0 0 0 0 0 0 0 
_1.ptx 122 : 6400 64960 0 0 0 0 0 0 0 
_1.ptx 123 : 6400 84672 0 0 0 0 0 0 0 
_1.ptx 124 : 6400 69600 0 0 0 0 0 0 0 
_1.ptx 125 : 6400 55104 0 0 0 0 0 0 0 
_1.ptx 126 : 6400 57024 0 0 0 0 0 0 0 
_1.ptx 127 : 6400 48352 0 0 0 0 0 0 0 
_1.ptx 128 : 6400 54656 0 0 0 0 0 0 0 
_1.ptx 129 : 6400 43840 0 0 0 0 0 0 0 
_1.ptx 130 : 6400 44832 0 0 0 0 0 0 0 
_1.ptx 131 : 6400 50912 0 0 0 0 0 0 0 
_1.ptx 135 : 126720 768320 0 0 0 0 0 0 0 
_1.ptx 136 : 126720 1290016 0 0 0 0 0 0 0 
_1.ptx 137 : 126720 1029312 0 0 0 0 0 0 0 
_1.ptx 138 : 126720 910336 0 0 0 0 0 0 0 
_1.ptx 139 : 126720 794912 0 0 0 0 0 0 0 
_1.ptx 140 : 126720 1402592 0 0 0 0 0 0 0 
_1.ptx 141 : 126720 1031456 0 0 0 0 0 0 0 
_1.ptx 142 : 126720 904480 0 0 0 0 0 0 0 
_1.ptx 143 : 126720 1023136 0 0 0 0 0 0 0 
_1.ptx 144 : 126720 1051968 0 0 0 0 0 0 0 
_1.ptx 145 : 126720 816384 0 0 0 0 0 0 0 
_1.ptx 146 : 126720 1046528 0 0 0 0 0 0 0 
_1.ptx 147 : 126720 128190 0 0 0 0 0 0 990 
_1.ptx 149 : 106448 674180 0 0 0 0 0 0 0 
_1.ptx 151 : 106448 768518 0 0 0 0 0 0 0 
_1.ptx 152 : 106448 1201789 0 0 0 0 0 0 0 
_1.ptx 153 : 106448 319344 0 0 0 0 0 0 0 
_1.ptx 154 : 106448 319344 0 0 0 0 0 0 0 
_1.ptx 155 : 106448 1181460 0 0 0 0 0 0 0 
_1.ptx 156 : 106448 1307156 0 0 0 0 0 0 0 
_1.ptx 157 : 106448 1180841 0 0 0 0 0 0 0 
_1.ptx 158 : 106448 765584 0 0 0 0 0 0 0 
_1.ptx 159 : 106448 1124175 0 0 0 0 0 0 0 
_1.ptx 160 : 106448 1179042 0 0 0 0 0 0 0 
_1.ptx 161 : 106448 29641860 396032 0 0 6921 3663 0 0 
_1.ptx 162 : 106448 767528 0 0 0 0 0 0 0 
_1.ptx 163 : 106448 1121184 0 0 0 0 0 0 0 
_1.ptx 164 : 106448 1184677 0 0 0 0 0 0 0 
_1.ptx 165 : 106448 888784 0 3663 3663 0 0 0 0 
_1.ptx 166 : 106448 1176166 0 0 0 0 0 0 0 
_1.ptx 167 : 106448 863194 0 3663 3663 0 0 0 0 
_1.ptx 168 : 106448 758575 0 0 0 0 0 0 0 
_1.ptx 169 : 106448 1130319 0 0 0 0 0 0 0 
_1.ptx 170 : 106448 1179674 0 0 0 0 0 0 0 
_1.ptx 171 : 106448 870313 0 3663 3663 0 0 0 0 
_1.ptx 172 : 106448 2134115 0 0 0 0 0 0 0 
_1.ptx 173 : 106448 2131815 0 0 0 0 0 0 0 
_1.ptx 174 : 106448 1171645 0 0 0 0 0 0 0 
_1.ptx 175 : 106448 1173139 0 0 0 0 0 0 0 
_1.ptx 176 : 106448 532974 0 3663 3663 0 0 0 0 
_1.ptx 179 : 126720 761568 0 0 0 0 0 0 0 
_1.ptx 181 : 126720 1013760 0 0 0 0 0 0 0 
_1.ptx 182 : 126720 38400 0 0 0 0 0 0 0 
_1.ptx 183 : 120320 721920 0 0 0 0 0 0 0 
_1.ptx 184 : 120320 962752 0 0 0 0 0 0 0 
_1.ptx 185 : 120320 843520 0 0 0 0 0 0 0 
_1.ptx 186 : 120320 881632 0 0 0 0 0 0 0 
_1.ptx 187 : 120320 125976 0 0 0 0 0 0 940 
_1.ptx 189 : 101448 730238 0 0 0 0 0 0 0 
_1.ptx 190 : 101448 1315266 0 0 0 0 0 0 0 
_1.ptx 191 : 101448 1121103 0 0 0 0 0 0 0 
_1.ptx 192 : 101448 848504 0 3478 3478 0 0 0 0 
_1.ptx 193 : 101448 1116709 0 0 0 0 0 0 0 
_1.ptx 194 : 101448 509172 0 3478 3478 0 0 0 0 
_1.ptx 197 : 120320 723744 0 0 0 0 0 0 0 
