kernel line : count latency dram_traffic smem_bk_conflicts smem_warp gmem_access_generated gmem_warp exposed_latency warp_divergence
_1.ptx 199 : 120320 847840 0 0 0 0 0 0 0 
_1.ptx 200 : 120320 982144 0 0 0 0 0 0 0 
_1.ptx 201 : 120320 728288 0 0 0 0 0 0 0 
_1.ptx 210 : 6400 38400 0 0 0 0 0 0 0 
_1.ptx 211 : 6400 51296 0 0 0 0 0 0 0 
_1.ptx 214 : 6400 8616 0 0 0 0 0 0 50 
_1.ptx 216 : 5000 35929 0 0 0 0 0 0 0 
_1.ptx 217 : 5000 64249 0 0 0 0 0 0 0 
_1.ptx 218 : 5000 55120 0 0 0 0 0 0 0 
_1.ptx 219 : 5000 41394 0 185 185 0 0 0 0 
_1.ptx 220 : 5000 18954 0 0 0 0 0 0 0 
_1.ptx 221 : 5000 36047 0 0 0 0 0 0 0 
_1.ptx 222 : 5000 53095 0 0 0 0 0 0 0 
_1.ptx 223 : 5000 55620 0 0 0 0 0 0 0 
_1.ptx 224 : 5000 31001 5664 0 0 329 185 0 0 
_1.ptx 227 : 6400 38656 0 0 0 0 0 0 0 
_1.ptx 68 : 6400 733440 128 0 0 0 0 0 0 
_1.ptx 69 : 6400 82080 0 0 0 0 0 0 0 
_1.ptx 70 : 6400 19200 0 0 0 0 0 0 0 
_1.ptx 71 : 6400 68352 0 0 0 0 0 0 0 
_1.ptx 72 : 6400 45248 0 0 0 0 0 0 0 
_1.ptx 73 : 6400 73280 0 0 0 0 0 0 0 
_1.ptx 74 : 6400 43008 0 0 0 0 0 0 0 
_1.ptx 75 : 6400 77152 0 0 0 0 0 0 0 
_1.ptx 76 : 6400 19200 0 0 0 0 0 0 0 
_1.ptx 77 : 6400 73056 0 0 0 0 0 0 0 
_1.ptx 78 : 6400 39104 0 0 0 0 0 0 0 
_1.ptx 79 : 6400 71360 0 0 0 0 0 0 0 
_1.ptx 80 : 6400 52032 0 0 0 0 0 0 0 
_1.ptx 81 : 6400 45888 0 0 0 0 0 0 0 
_1.ptx 82 : 6400 38944 0 0 0 0 0 0 0 
_1.ptx 83 : 6400 51968 0 0 0 0 0 0 0 
_1.ptx 84 : 6400 45568 0 0 0 0 0 0 0 
_1.ptx 85 : 6400 51744 0 0 0 0 0 0 0 
_1.ptx 86 : 6400 40128 0 0 0 0 0 0 0 
_1.ptx 87 : 6400 52416 0 0 0 0 0 0 0 
_1.ptx 88 : 6400 3876 0 0 0 0 0 0 10 
_1.ptx 90 : 5792 36720 0 0 0 0 0 0 0 
_1.ptx 91 : 5792 17440 0 0 0 0 0 0 0 
_1.ptx 92 : 5792 40896 0 0 0 0 0 0 0 
_1.ptx 93 : 5792 61528 0 0 0 0 0 0 0 
_1.ptx 94 : 5792 64252 0 0 0 0 0 0 0 
_1.ptx 95 : 5792 1132684 4096 0 0 357 185 0 0 
_1.ptx 96 : 5792 40736 0 0 0 0 0 0 0 
_1.ptx 97 : 5792 60412 0 0 0 0 0 0 0 
_1.ptx 98 : 5792 63872 0 0 0 0 0 0 0 
_1.ptx 99 : 5792 28960 0 185 185 0 0 0 0 
_1.ptx 101 : 6400 38560 0 0 0 0 0 0 0 
_1.ptx 103 : 6400 38592 0 0 0 0 0 0 0 
_1.ptx 104 : 6400 38400 0 0 0 0 0 0 0 
_1.ptx 105 : 6400 51200 0 0 0 0 0 0 0 
_1.ptx 106 : 6400 0 0 0 0 0 0 0 0 
_1.ptx 107 : 6400 68320 0 0 0 0 0 0 0 
_1.ptx 108 : 6400 43936 0 0 0 0 0 0 0 
_1.ptx 109 : 6400 56160 0 0 0 0 0 0 0 
_1.ptx 110 : 6400 55200 0 0 0 0 0 0 0 
_1.ptx 111 : 6400 46720 0 0 0 0 0 0 0 
_1.ptx 112 : 6400 60928 0 0 0 0 0 0 0 
_1.ptx 113 : 6400 136736 0 0 0 0 0 0 0 
_1.ptx 114 : 6400 78912 0 0 0 0 0 0 0 
_1.ptx 115 : 6400 81248 0 0 0 0 0 0 0 
_1.ptx 116 : 6400 83712 0 0 0 0 0 0 0 
_1.ptx 117 : 6400 69152 0 0 0 0 0 0 0 
_1.ptx 118 : 6400 83392 0 0 0 0 0 0 0 
_1.ptx 119 : 6400 47200 0 0 0 0 0 0 0 
_1.ptx 120 : 6400 59936 0 0 0 0 0 0 0 
_1.ptx 121 : 6400 136288 0 0 0 0 0 0 0 
_1.ptx 122 : 6400 61536 0 0 0 0 0 0 0 
_1.ptx 123 : 6400 80256 0 0 0 0 0 0 0 
_1.ptx 124 : 6400 63680 0 0 0 0 0 0 0 
_1.ptx 125 : 6400 59584 0 0 0 0 0 0 0 
_1.ptx 126 : 6400 59552 0 0 0 0 0 0 0 
_1.ptx 127 : 6400 51968 0 0 0 0 0 0 0 
_1.ptx 128 : 6400 57824 0 0 0 0 0 0 0 
_1.ptx 129 : 6400 45152 0 0 0 0 0 0 0 
_1.ptx 130 : 6400 46336 0 0 0 0 0 0 0 
_1.ptx 131 : 6400 50976 0 0 0 0 0 0 0 
_1.ptx 135 : 126720 771552 0 0 0 0 0 0 0 
_1.ptx 136 : 126720 1288672 0 0 0 0 0 0 0 
_1.ptx 137 : 126720 1041664 0 0 0 0 0 0 0 
_1.ptx 138 : 126720 922848 0 0 0 0 0 0 0 
_1.ptx 139 : 126720 794528 0 0 0 0 0 0 0 
_1.ptx 140 : 126720 1410144 0 0 0 0 0 0 0 
_1.ptx 141 : 126720 1036096 0 0 0 0 0 0 0 
_1.ptx 142 : 126720 923232 0 0 0 0 0 0 0 
_1.ptx 143 : 126720 1033120 0 0 0 0 0 0 0 
_1.ptx 144 : 126720 1042112 0 0 0 0 0 0 0 
_1.ptx 145 : 126720 798304 0 0 0 0 0 0 0 
_1.ptx 146 : 126720 1039936 0 0 0 0 0 0 0 
_1.ptx 147 : 126720 124299 0 0 0 0 0 0 990 
_1.ptx 149 : 106448 666008 0 0 0 0 0 0 0 
_1.ptx 151 : 106448 759621 0 0 0 0 0 0 0 
_1.ptx 152 : 106448 1110059 0 0 0 0 0 0 0 
_1.ptx 153 : 106448 319406 0 0 0 0 0 0 0 
_1.ptx 154 : 106448 319344 0 0 0 0 0 0 0 
_1.ptx 155 : 106448 1179822 0 0 0 0 0 0 0 
_1.ptx 156 : 106448 1247928 0 0 0 0 0 0 0 
_1.ptx 157 : 106448 1181427 0 0 0 0 0 0 0 
_1.ptx 158 : 106448 778107 0 0 0 0 0 0 0 
_1.ptx 159 : 106448 1121168 0 0 0 0 0 0 0 
_1.ptx 160 : 106448 1201478 0 0 0 0 0 0 0 
_1.ptx 161 : 106448 29249039 396032 0 0 6921 3663 0 0 
_1.ptx 162 : 106448 774877 0 0 0 0 0 0 0 
_1.ptx 163 : 106448 1117340 0 0 0 0 0 0 0 
_1.ptx 164 : 106448 1204115 0 0 0 0 0 0 0 
_1.ptx 165 : 106448 917307 0 3663 3663 0 0 0 0 
_1.ptx 166 : 106448 1175366 0 0 0 0 0 0 0 
_1.ptx 167 : 106448 880172 0 3663 3663 0 0 0 0 
_1.ptx 168 : 106448 763751 0 0 0 0 0 0 0 
_1.ptx 169 : 106448 1097236 0 0 0 0 0 0 0 
_1.ptx 170 : 106448 1179069 0 0 0 0 0 0 0 
_1.ptx 171 : 106448 869869 0 3663 3663 0 0 0 0 
_1.ptx 172 : 106448 2141287 0 0 0 0 0 0 0 
_1.ptx 173 : 106448 2134402 0 0 0 0 0 0 0 
_1.ptx 174 : 106448 1171732 0 0 0 0 0 0 0 
_1.ptx 175 : 106448 1172835 0 0 0 0 0 0 0 
_1.ptx 176 : 106448 533487 0 3663 3663 0 0 0 0 
_1.ptx 179 : 126720 761312 0 0 0 0 0 0 0 
_1.ptx 181 : 126720 1013760 0 0 0 0 0 0 0 
_1.ptx 182 : 126720 38400 0 0 0 0 0 0 0 
_1.ptx 183 : 120320 721920 0 0 0 0 0 0 0 
_1.ptx 184 : 120320 964224 0 0 0 0 0 0 0 
_1.ptx 185 : 120320 869952 0 0 0 0 0 0 0 
_1.ptx 186 : 120320 877504 0 0 0 0 0 0 0 
_1.ptx 187 : 120320 122597 0 0 0 0 0 0 940 
_1.ptx 189 : 101448 758008 0 0 0 0 0 0 0 
_1.ptx 190 : 101448 1229508 0 0 0 0 0 0 0 
_1.ptx 191 : 101448 1136436 0 0 0 0 0 0 0 
_1.ptx 192 : 101448 836417 0 3478 3478 0 0 0 0 
_1.ptx 193 : 101448 1121794 0 0 0 0 0 0 0 
_1.ptx 194 : 101448 528114 0 3478 3478 0 0 0 0 
_1.ptx 197 : 120320 724320 0 0 0 0 0 0 0 
