kernel line : count latency dram_traffic smem_bk_conflicts smem_warp gmem_access_generated gmem_warp exposed_latency warp_divergence
_1.ptx 199 : 120320 848160 0 0 0 0 0 0 0 
_1.ptx 200 : 120320 975008 0 0 0 0 0 0 0 
_1.ptx 201 : 120320 730400 0 0 0 0 0 0 0 
_1.ptx 210 : 6400 38400 0 0 0 0 0 0 0 
_1.ptx 211 : 6400 51424 0 0 0 0 0 0 0 
_1.ptx 214 : 6400 8581 0 0 0 0 0 0 50 
_1.ptx 216 : 5000 35581 0 0 0 0 0 0 0 
_1.ptx 217 : 5000 64434 0 0 0 0 0 0 0 
_1.ptx 218 : 5000 55277 0 0 0 0 0 0 0 
_1.ptx 219 : 5000 41303 0 185 185 0 0 0 0 
_1.ptx 220 : 5000 18777 0 0 0 0 0 0 0 
_1.ptx 221 : 5000 35693 0 0 0 0 0 0 0 
_1.ptx 222 : 5000 53357 0 0 0 0 0 0 0 
_1.ptx 223 : 5000 55496 0 0 0 0 0 0 0 
_1.ptx 224 : 5000 30491 5664 0 0 329 185 0 0 
_1.ptx 227 : 6400 38464 0 0 0 0 0 0 0 
_1.ptx 68 : 6400 733440 128 0 0 0 0 0 0 
_1.ptx 69 : 6400 76448 0 0 0 0 0 0 0 
_1.ptx 70 : 6400 19200 0 0 0 0 0 0 0 
_1.ptx 71 : 6400 66496 0 0 0 0 0 0 0 
_1.ptx 72 : 6400 44032 0 0 0 0 0 0 0 
_1.ptx 73 : 6400 73216 0 0 0 0 0 0 0 
_1.ptx 74 : 6400 44736 0 0 0 0 0 0 0 
_1.ptx 75 : 6400 78560 0 0 0 0 0 0 0 
_1.ptx 76 : 6400 19200 0 0 0 0 0 0 0 
_1.ptx 77 : 6400 71744 0 0 0 0 0 0 0 
_1.ptx 78 : 6400 39520 0 0 0 0 0 0 0 
_1.ptx 79 : 6400 71360 0 0 0 0 0 0 0 
_1.ptx 80 : 6400 52704 0 0 0 0 0 0 0 
_1.ptx 81 : 6400 47008 0 0 0 0 0 0 0 
_1.ptx 82 : 6400 40192 0 0 0 0 0 0 0 
_1.ptx 83 : 6400 52320 0 0 0 0 0 0 0 
_1.ptx 84 : 6400 46144 0 0 0 0 0 0 0 
_1.ptx 85 : 6400 52608 0 0 0 0 0 0 0 
_1.ptx 86 : 6400 40352 0 0 0 0 0 0 0 
_1.ptx 87 : 6400 52576 0 0 0 0 0 0 0 
_1.ptx 88 : 6400 3748 0 0 0 0 0 0 10 
_1.ptx 90 : 5792 35904 0 0 0 0 0 0 0 
_1.ptx 91 : 5792 17376 0 0 0 0 0 0 0 
_1.ptx 92 : 5792 41132 0 0 0 0 0 0 0 
_1.ptx 93 : 5792 65424 0 0 0 0 0 0 0 
_1.ptx 94 : 5792 64000 0 0 0 0 0 0 0 
_1.ptx 95 : 5792 1140272 4096 0 0 357 185 0 0 
_1.ptx 96 : 5792 41336 0 0 0 0 0 0 0 
_1.ptx 97 : 5792 60240 0 0 0 0 0 0 0 
_1.ptx 98 : 5792 63872 0 0 0 0 0 0 0 
_1.ptx 99 : 5792 29024 0 185 185 0 0 0 0 
_1.ptx 101 : 6400 38560 0 0 0 0 0 0 0 
_1.ptx 103 : 6400 38400 0 0 0 0 0 0 0 
_1.ptx 104 : 6400 38400 0 0 0 0 0 0 0 
_1.ptx 105 : 6400 51616 0 0 0 0 0 0 0 
_1.ptx 106 : 6400 0 0 0 0 0 0 0 0 
_1.ptx 107 : 6400 68736 0 0 0 0 0 0 0 
_1.ptx 108 : 6400 48928 0 0 0 0 0 0 0 
_1.ptx 109 : 6400 54432 0 0 0 0 0 0 0 
_1.ptx 110 : 6400 52064 0 0 0 0 0 0 0 
_1.ptx 111 : 6400 45408 0 0 0 0 0 0 0 
_1.ptx 112 : 6400 59264 0 0 0 0 0 0 0 
_1.ptx 113 : 6400 136672 0 0 0 0 0 0 0 
_1.ptx 114 : 6400 81472 0 0 0 0 0 0 0 
_1.ptx 115 : 6400 85728 0 0 0 0 0 0 0 
_1.ptx 116 : 6400 88320 0 0 0 0 0 0 0 
_1.ptx 117 : 6400 67648 0 0 0 0 0 0 0 
_1.ptx 118 : 6400 76928 0 0 0 0 0 0 0 
_1.ptx 119 : 6400 46208 0 0 0 0 0 0 0 
_1.ptx 120 : 6400 59648 0 0 0 0 0 0 0 
_1.ptx 121 : 6400 134496 0 0 0 0 0 0 0 
_1.ptx 122 : 6400 60576 0 0 0 0 0 0 0 
_1.ptx 123 : 6400 77696 0 0 0 0 0 0 0 
_1.ptx 124 : 6400 64256 0 0 0 0 0 0 0 
_1.ptx 125 : 6400 53248 0 0 0 0 0 0 0 
_1.ptx 126 : 6400 56640 0 0 0 0 0 0 0 
_1.ptx 127 : 6400 48672 0 0 0 0 0 0 0 
_1.ptx 128 : 6400 54944 0 0 0 0 0 0 0 
_1.ptx 129 : 6400 44640 0 0 0 0 0 0 0 
_1.ptx 130 : 6400 45248 0 0 0 0 0 0 0 
_1.ptx 131 : 6400 50720 0 0 0 0 0 0 0 
_1.ptx 135 : 126720 774048 0 0 0 0 0 0 0 
_1.ptx 136 : 126720 1290208 0 0 0 0 0 0 0 
_1.ptx 137 : 126720 1040832 0 0 0 0 0 0 0 
_1.ptx 138 : 126720 927872 0 0 0 0 0 0 0 
_1.ptx 139 : 126720 797984 0 0 0 0 0 0 0 
_1.ptx 140 : 126720 1409504 0 0 0 0 0 0 0 
_1.ptx 141 : 126720 1033600 0 0 0 0 0 0 0 
_1.ptx 142 : 126720 917792 0 0 0 0 0 0 0 
_1.ptx 143 : 126720 1031648 0 0 0 0 0 0 0 
_1.ptx 144 : 126720 1045184 0 0 0 0 0 0 0 
_1.ptx 145 : 126720 810368 0 0 0 0 0 0 0 
_1.ptx 146 : 126720 1040256 0 0 0 0 0 0 0 
_1.ptx 147 : 126720 126705 0 0 0 0 0 0 990 
_1.ptx 149 : 106448 670613 0 0 0 0 0 0 0 
_1.ptx 151 : 106448 767966 0 0 0 0 0 0 0 
_1.ptx 152 : 106448 1164821 0 0 0 0 0 0 0 
_1.ptx 153 : 106448 319344 0 0 0 0 0 0 0 
_1.ptx 154 : 106448 319344 0 0 0 0 0 0 0 
_1.ptx 155 : 106448 1179131 0 0 0 0 0 0 0 
_1.ptx 156 : 106448 1277290 0 0 0 0 0 0 0 
_1.ptx 157 : 106448 1177637 0 0 0 0 0 0 0 
_1.ptx 158 : 106448 763090 0 0 0 0 0 0 0 
_1.ptx 159 : 106448 1124480 0 0 0 0 0 0 0 
_1.ptx 160 : 106448 1181131 0 0 0 0 0 0 0 
_1.ptx 161 : 106448 29524131 396032 0 0 6921 3663 0 0 
_1.ptx 162 : 106448 769298 0 0 0 0 0 0 0 
_1.ptx 163 : 106448 1122134 0 0 0 0 0 0 0 
_1.ptx 164 : 106448 1190722 0 0 0 0 0 0 0 
_1.ptx 165 : 106448 886128 0 3663 3663 0 0 0 0 
_1.ptx 166 : 106448 1178171 0 0 0 0 0 0 0 
_1.ptx 167 : 106448 871519 0 3663 3663 0 0 0 0 
_1.ptx 168 : 106448 760239 0 0 0 0 0 0 0 
_1.ptx 169 : 106448 1115186 0 0 0 0 0 0 0 
_1.ptx 170 : 106448 1180061 0 0 0 0 0 0 0 
_1.ptx 171 : 106448 871839 0 3663 3663 0 0 0 0 
_1.ptx 172 : 106448 2134918 0 0 0 0 0 0 0 
_1.ptx 173 : 106448 2132288 0 0 0 0 0 0 0 
_1.ptx 174 : 106448 1172859 0 0 0 0 0 0 0 
_1.ptx 175 : 106448 1174197 0 0 0 0 0 0 0 
_1.ptx 176 : 106448 535663 0 3663 3663 0 0 0 0 
_1.ptx 179 : 126720 763680 0 0 0 0 0 0 0 
_1.ptx 181 : 126720 1014016 0 0 0 0 0 0 0 
_1.ptx 182 : 126720 38400 0 0 0 0 0 0 0 
_1.ptx 183 : 120320 722432 0 0 0 0 0 0 0 
_1.ptx 184 : 120320 966048 0 0 0 0 0 0 0 
_1.ptx 185 : 120320 863264 0 0 0 0 0 0 0 
_1.ptx 186 : 120320 896832 0 0 0 0 0 0 0 
_1.ptx 187 : 120320 126210 0 0 0 0 0 0 940 
_1.ptx 189 : 101448 750377 0 0 0 0 0 0 0 
_1.ptx 190 : 101448 1262495 0 0 0 0 0 0 0 
_1.ptx 191 : 101448 1126395 0 0 0 0 0 0 0 
_1.ptx 192 : 101448 853743 0 3478 3478 0 0 0 0 
_1.ptx 193 : 101448 1121104 0 0 0 0 0 0 0 
_1.ptx 194 : 101448 520446 0 3478 3478 0 0 0 0 
_1.ptx 197 : 120320 723968 0 0 0 0 0 0 0 
